0 0.22942708333333334 0.5467592592592593 0.0328125 0.04537037037037037
0 0.29375 0.7296296296296296 0.029166666666666667 0.05
0 0.4296875 0.7115740740740741 0.03333333333333333 0.04537037037037037
0 0.5544270833333333 0.6166666666666667 0.03177083333333333 0.061111111111111116
0 0.6489583333333333 0.38796296296296295 0.030208333333333334 0.05555555555555556
0 0.6588541666666666 0.3402777777777778 0.03333333333333333 0.05462962962962963
0 0.64609375 0.12268518518518519 0.01614583333333333 0.036111111111111115
0 0.5932291666666667 0.1537037037037037 0.016666666666666666 0.040740740740740744
0 0.4578125 0.33425925925925926 0.017708333333333333 0.040740740740740744
0 0.3703125 0.4430555555555556 0.035416666666666666 0.0712962962962963
