0 0.10963541666666667 0.7402777777777778 0.033854166666666664 0.04166666666666667
0 0.18125 0.912962962962963 0.03125 0.03888888888888889
0 0.24322916666666666 0.5953703703703704 0.021875 0.037037037037037035
0 0.35104166666666664 0.4388888888888889 0.027083333333333334 0.03518518518518519
0 0.4640625 0.4939814814814815 0.028125 0.04351851851851852
0 0.57109375 0.4569444444444445 0.0203125 0.026851851851851852
0 0.6635416666666667 0.5768518518518518 0.020833333333333332 0.02962962962962963
0 0.7723958333333333 0.524537037037037 0.034375 0.05092592592592593
0 0.8463541666666666 0.3805555555555556 0.01875 0.03333333333333333
0 0.5463541666666667 0.4620370370370371 0.02395833333333333 0.04259259259259259
0 0.5393229166666667 0.5092592592592593 0.01614583333333333 0.022222222222222223
