0 0.36614583333333334 0.39490740740740743 0.019791666666666666 0.03796296296296296
0 0.39479166666666665 0.5291666666666667 0.025 0.04351851851851852
0 0.43463541666666666 0.512962962962963 0.0265625 0.06481481481481481
0 0.12864583333333332 0.6398148148148148 0.030208333333333334 0.031481481481481485
0 0.18020833333333333 0.7310185185185185 0.0375 0.03981481481481482
0 0.20625 0.7046296296296296 0.03125 0.03888888888888889
0 0.5614583333333333 0.4981481481481482 0.02395833333333333 0.05740740740740741
0 0.6088541666666667 0.46342592592592596 0.019791666666666666 0.03425925925925926
0 0.6638020833333333 0.3856481481481482 0.01614583333333333 0.03796296296296296
0 0.6638020833333333 0.44027777777777777 0.018229166666666668 0.036111111111111115
0 0.7302083333333333 0.3560185185185185 0.015625 0.036111111111111115
