0 0.17291666666666666 0.6768518518518519 0.026041666666666668 0.037037037037037035
0 0.3338541666666667 0.65 0.020833333333333332 0.02777777777777778
0 0.3854166666666667 0.5699074074074074 0.029166666666666667 0.06759259259259259
0 0.41744791666666664 0.48055555555555557 0.019270833333333334 0.03518518518518519
0 0.39010416666666664 0.3851851851851852 0.01875 0.02962962962962963
0 0.5869791666666666 0.5013888888888889 0.01875 0.028703703703703703
0 0.6505208333333333 0.4087962962962963 0.015625 0.03796296296296296
0 0.7161458333333334 0.3773148148148148 0.014583333333333334 0.036111111111111115
0 0.68828125 0.5907407407407408 0.013020833333333334 0.031481481481481485
0 0.5953125 0.8041666666666667 0.030208333333333334 0.058333333333333334
0 0.55078125 0.500462962962963 0.0203125 0.05092592592592593
